### 统计三种chunks占比

| Logical chunk numbers | File-chunk | Header-chunk | CDC-chunk  |
| --------------------- | ---------- | ------------ | ---------- |
| automake              | 0.939286   | 0.060714     | 0          |
| bash                  | 0.929428   | 0.0611249    | 0.00944729 |
| coreutils             | 0.923083   | 0.0769166    | 0          |
| fdisk                 | 0.916264   | 0.0837359    | 0          |
| glibc                 | 0.823178   | 0.0539379    | 0.122884   |
| smalltalk             | 0.935514   | 0.0644861    | 0          |
| GCC                   | 0.929817   | 0.0613954    | 0.00878768 |
| chromium              | 0.830612   | 0.0564144    | 0.112974   |
| linux                 | 0.813436   | 0.054335     | 0.132229   |
| WEB                   | 0.921262   | 0.0787381    | 0          |

| Logical chunk numbers | File-chunk | Header-chunk | CDC-chunk |
| --------------------- | ---------- | ------------ | --------- |
| automake              | 93.9%      | 6.1%         | 0.0%      |
| bash                  | 92.9%      | 6.1%         | 0.9%      |
| coreutils             | 92.3%      | 7.7%         | 0.0%      |
| fdisk                 | 91.6%      | 8.4%         | 0.0%      |
| glibc                 | 82.3%      | 5.4%         | 12.3%     |
| smalltalk             | 93.6%      | 6.4%         | 0.0%      |
| GCC                   | 93.0%      | 6.1%         | 0.9%      |
| chromium              | 83.1%      | 5.6%         | 11.3%     |
| linux                 | 81.3%      | 5.4%         | 13.2%     |
| WEB                   | 92.1%      | 7.9%         | 0.0%      |

| non-deplicate chunk numbers | File-chunk | Header-chunk | CDC-chunk  |
| --------------------------- | ---------- | ------------ | ---------- |
| automake                    | 0.811684   | 0.188316     | 0          |
| bash                        | 0.714422   | 0.247212     | 0.0383659  |
| coreutils                   | 0.768215   | 0.231785     | 0          |
| fdisk                       | 0.77994    | 0.22006      | 0          |
| glibc                       | 0.683558   | 0.278051     | 0.0383918  |
| smalltalk                   | 0.688535   | 0.311465     | 0          |
| GCC                         | 0.547623   | 0.450752     | 0.00162491 |
| chromium                    | 0.116127   | 0.872252     | 0.011621   |
| linux                       | 0.516982   | 0.474531     | 0.00848708 |
| WEB                         | 0.60177    | 0.39823      | 0          |

| non-deplicate chunk numbers | File-chunk | Header-chunk | CDC-chunk |
| --------------------------- | ---------- | ------------ | --------- |
| automake                    | 81.2%      | 18.8%        | 0.0%      |
| bash                        | 71.4%      | 24.7%        | 3.8%      |
| coreutils                   | 76.8%      | 23.2%        | 0.0%      |
| fdisk                       | 78.0%      | 22.0%        | 0.0%      |
| glibc                       | 68.4%      | 27.8%        | 3.8%      |
| smalltalk                   | 68.9%      | 31.1%        | 0.0%      |
| GCC                         | 54.8%      | 45.1%        | 0.2%      |
| chromium                    | 11.6%      | 87.2%        | 1.2%      |
| linux                       | 51.7%      | 47.5%        | 0.8%      |
| WEB                         | 60.2%      | 39.8%        | 0.0%      |

## TODO

### 对FineTar测试SCR